60.978114, 25.658998
60.977896, 25.658952
60.977563, 25.658980
60.976840, 25.659018
60.976658, 25.658993
60.976085, 25.658896
60.975582, 25.658728
60.974550, 25.658325
60.973989, 25.658137
60.973221, 25.657868
60.972461, 25.657677
60.971808, 25.657511
60.971832, 25.657275
60.971773, 25.656321
60.970879, 25.654999
60.969868, 25.654393
60.969676, 25.654308
60.969320, 25.654194
60.968746, 25.653983
60.968541, 25.653907
60.968007, 25.653783
60.967479, 25.653698
60.967403, 25.653671
60.966503, 25.653543
60.966434, 25.653484
60.966360, 25.653364
60.966296, 25.653243
60.966247, 25.653156
60.965427, 25.652841
60.964824, 25.652729
60.964422, 25.652714
60.964009, 25.652555
60.963791, 25.652423
60.963231, 25.652075
60.962471, 25.651875
60.961740, 25.651753
60.960953, 25.651588
60.960421, 25.651692
60.960112, 25.651755
60.959581, 25.652042
60.959469, 25.652155
60.959256, 25.652386
60.959123, 25.652572
60.958929, 25.653529
60.958900, 25.653748
60.958782, 25.653679
60.958237, 25.653348
60.958104, 25.653257
60.957594, 25.652981
60.957317, 25.652803
60.956709, 25.652345
60.955334, 25.651124
60.955331, 25.650847
60.955723, 25.649328
60.955560, 25.644200
60.955234, 25.641816
60.955036, 25.640147
60.954494, 25.632669
60.954431, 25.627846
60.954495, 25.625110
60.954528, 25.624294
60.954574, 25.623344
60.955541, 25.613473
60.955631, 25.612632
60.955710, 25.611770
60.955527, 25.600373
60.954851, 25.596719
60.954533, 25.595487
60.954324, 25.594754
60.953565, 25.591859
60.952871, 25.587363
60.952686, 25.584741
60.952769, 25.578728
60.954878, 25.566641
60.956132, 25.562184
60.957935, 25.555222
60.958655, 25.551473
60.960238, 25.538474
60.963934, 25.522343
60.964895, 25.520100
60.972795, 25.508101
60.973049, 25.507665
60.977794, 25.496154
60.980668, 25.481614
60.981108, 25.477425
60.981271, 25.473809
60.982983, 25.430706
60.982963, 25.429197
60.983017, 25.425130
60.984576, 25.411717
60.984993, 25.409697
60.985673, 25.406465
60.986943, 25.400427
60.988482, 25.393107
60.989474, 25.388399
60.990186, 25.385077
60.992639, 25.373386
60.993539, 25.369124
60.997979, 25.347881
60.998015, 25.347703
60.999962, 25.338224
61.001153, 25.329627
61.001411, 25.325612
61.001610, 25.322542
61.001811, 25.318431
61.001760, 25.315183
61.001776, 25.312970
61.002116, 25.309472
61.002195, 25.308870
61.002250, 25.308409
61.003034, 25.301979
61.003119, 25.301144
61.003723, 25.294020
61.004434, 25.284880
61.005384, 25.272499
61.005913, 25.265671
61.006184, 25.260848
61.006288, 25.258111
61.006441, 25.251212
61.006450, 25.250932
61.006557, 25.247335
61.006659, 25.242602
61.006766, 25.237809
61.006850, 25.232527
61.006578, 25.227144
61.006007, 25.219896
61.005446, 25.212507
61.005246, 25.207094
61.005147, 25.197321
61.005202, 25.194982
61.009883, 25.176627
61.010952, 25.174574
61.012386, 25.171433
61.013124, 25.169688
61.015732, 25.162063
61.015841, 25.161698
61.017162, 25.157000
61.018122, 25.153257
61.019146, 25.148671
61.019984, 25.144453
61.020961, 25.138505
61.021780, 25.132345
61.022315, 25.127952
61.024878, 25.112314
61.025186, 25.111097
61.025271, 25.110763
61.026569, 25.106583
61.028098, 25.102546
61.029260, 25.099924
61.031422, 25.095509
61.032155, 25.093922
61.036127, 25.083837
61.037792, 25.077096
61.039163, 25.066130
61.039660, 25.056796
61.041180, 25.048041
61.043349, 25.033569
61.043552, 25.030726
61.043942, 25.027149
61.044856, 25.023063
61.050612, 25.010742
61.051593, 25.008902
61.051944, 25.008269
61.053463, 25.005604
61.055541, 25.001420
61.057050, 24.997930
61.059320, 24.991853
61.061582, 24.984328
61.062115, 24.982413
61.063078, 24.979447
61.065226, 24.975126
61.071828, 24.961625
61.072888, 24.958196
61.074203, 24.953426
61.077551, 24.944555
61.078148, 24.943602
61.078499, 24.943077
61.078678, 24.942808
61.080148, 24.940355
61.082107, 24.935644
61.085703, 24.921695
61.087775, 24.915190
61.091064, 24.905193
61.095705, 24.891377
61.096637, 24.888726
61.096687, 24.888582
61.098766, 24.882965
61.099711, 24.880076
61.101995, 24.871438
61.104161, 24.862210
61.105124, 24.859129
61.105481, 24.857908
61.106187, 24.855964
61.108814, 24.849746
61.111097, 24.845618
61.112965, 24.842688
61.115533, 24.838692
61.118032, 24.834434
61.118124, 24.834274
61.119248, 24.832098
61.121108, 24.828237
61.121705, 24.826809
61.125113, 24.818357
61.127579, 24.813170
61.129145, 24.811049
61.130847, 24.809217
61.132056, 24.808128
61.135267, 24.804790
61.136686, 24.802847
61.137375, 24.801783
61.138558, 24.799751
61.138639, 24.799611
61.140126, 24.796606
61.140975, 24.794530
61.142742, 24.789677
61.142789, 24.789541
61.143819, 24.785941
61.145686, 24.778871
61.146602, 24.775353
61.147179, 24.773202
61.147655, 24.771241
61.147921, 24.770109
61.148077, 24.769491
61.148534, 24.767546
61.149986, 24.760835
61.151011, 24.755511
61.151495, 24.752743
61.153236, 24.741693
61.155281, 24.721320
61.155398, 24.719025
61.155548, 24.716998
61.155697, 24.714336
61.155807, 24.712737
61.155963, 24.710915
61.157592, 24.698867
61.157959, 24.696387
61.158452, 24.693274
61.159140, 24.688233
61.159740, 24.683589
61.160438, 24.678194
61.160507, 24.677656
61.162049, 24.667342
61.163268, 24.659984
61.164999, 24.651380
61.166129, 24.646296
61.168832, 24.633817
61.170848, 24.622302
61.171989, 24.614226
61.172374, 24.610827
61.172844, 24.606022
61.173166, 24.601550
61.173898, 24.586699
61.174084, 24.583617
61.174347, 24.580784
61.175331, 24.573103
61.175839, 24.570206
61.177355, 24.563479
61.178484, 24.559587
61.181510, 24.551281
61.184444, 24.545371
61.185413, 24.543703
61.188289, 24.539633
61.190722, 24.536689
61.200050, 24.524322
61.201541, 24.522002
61.202415, 24.520613
61.203957, 24.518112
61.205167, 24.516035
61.205378, 24.515655
61.205662, 24.515134
61.206177, 24.514218
61.207998, 24.511049
61.208157, 24.510774
61.213416, 24.498896
61.213511, 24.498620
61.214109, 24.496895
61.217894, 24.481950
61.219876, 24.473497
61.223421, 24.459105
61.227602, 24.449318
61.229937, 24.448267
61.232136, 24.447026
61.236118, 24.441729
61.239848, 24.436522
61.240996, 24.435028
61.242932, 24.432495
61.243416, 24.431855
61.244947, 24.429781
61.251615, 24.419098
61.253203, 24.416122
61.256158, 24.410417
61.256209, 24.410319
61.257808, 24.407271
61.265285, 24.390477
61.270394, 24.371878
61.270417, 24.371772
61.271589, 24.365438
61.272310, 24.360749
61.273074, 24.351060
61.273117, 24.350860
61.273905, 24.348016
61.275377, 24.344962
61.275866, 24.344199
61.276494, 24.343100
61.277081, 24.342121
61.278204, 24.340332
61.278896, 24.339304
61.283750, 24.333299
61.283784, 24.333243
61.288103, 24.322615
61.291810, 24.317632
61.295036, 24.313160
61.295693, 24.311856
61.297027, 24.309237
61.298573, 24.306505
61.298811, 24.306120
61.299021, 24.305780
61.299287, 24.305386
61.302318, 24.301188
61.308991, 24.292504
61.309258, 24.292000
61.309488, 24.291541
61.309587, 24.291345
61.314851, 24.285475
61.316766, 24.284791
61.330619, 24.287391
61.336333, 24.280612
61.336905, 24.279739
61.340996, 24.271440
61.346074, 24.260232
61.353619, 24.248967
61.354100, 24.248420
61.359518, 24.244882
61.363919, 24.245228
61.364030, 24.245257
61.373394, 24.243281
61.379970, 24.243504
61.381208, 24.242925
61.385506, 24.237548
61.387619, 24.230805
61.387695, 24.230456
61.389004, 24.224505
61.392015, 24.216094
61.395419, 24.211243
61.397813, 24.207855
61.400970, 24.199665
61.401454, 24.197501
61.401699, 24.196032
61.402218, 24.191691
61.402518, 24.187701
61.403141, 24.181890
61.403410, 24.179989
61.408501, 24.163857
61.409171, 24.161991
61.410136, 24.158250
61.413168, 24.149861
61.413558, 24.149222
61.417746, 24.146386
61.418791, 24.145220
61.419339, 24.144157
61.420276, 24.142364
61.420304, 24.142317
61.420672, 24.141735
61.421441, 24.140664
61.422580, 24.139253
61.423070, 24.138678
61.425875, 24.135285
61.427229, 24.133571
61.428588, 24.131760
61.428811, 24.131477
61.440443, 24.120920
61.441593, 24.119069
61.442394, 24.117574
61.444364, 24.113378
61.446885, 24.106709
61.446968, 24.106450
61.448049, 24.102788
61.449407, 24.098108
61.449661, 24.097282
61.456423, 24.083573
61.456561, 24.083240
61.459229, 24.075122
61.460682, 24.067888
61.461281, 24.064393
61.461851, 24.059558
61.461953, 24.058365
61.463011, 24.044334
61.465185, 24.029284
61.467074, 23.997762
61.467106, 23.997495
61.470438, 23.984669
61.472837, 23.982275
61.474679, 23.981130
61.475439, 23.980635
61.481630, 23.971386
61.481969, 23.970470
61.482261, 23.969610
61.482481, 23.968921
61.483099, 23.966759
61.484496, 23.961760
61.485767, 23.958306
61.486141, 23.957439
61.487813, 23.954033
61.493131, 23.938397
61.495925, 23.922131
61.497228, 23.915902
61.497378, 23.914943
61.497646, 23.912568
61.498168, 23.905938
61.498103, 23.894541
61.498180, 23.888849
61.498231, 23.888069
61.497976, 23.887183
61.497343, 23.886361
61.496382, 23.880755
61.489042, 23.874736
61.484870, 23.873871
61.482975, 23.873401
61.480971, 23.872757
61.474947, 23.868382
61.469940, 23.855051
61.469904, 23.854252
61.469919, 23.851859
61.469614, 23.828850
61.467592, 23.818508
61.467371, 23.817795
61.463700, 23.808642
61.462872, 23.805999
61.461255, 23.798682
61.460419, 23.789349
61.461281, 23.781309
61.462590, 23.769389
61.460572, 23.753109
61.460321, 23.751541
61.460055, 23.747705
61.462263, 23.731391
61.463275, 23.724143
61.463321, 23.723669
61.463337, 23.723499
61.463459, 23.721887
61.463627, 23.717775
61.463623, 23.716928
61.459251, 23.700078
61.457972, 23.698548
61.453484, 23.692369
61.452855, 23.690953
61.449295, 23.648527
61.451980, 23.638147
61.452742, 23.635942
61.456796, 23.626017
61.456974, 23.625528
61.464173, 23.605446
61.467807, 23.599659
61.468583, 23.598695
61.471159, 23.595503
61.473486, 23.592564
61.475994, 23.589564
61.476390, 23.589195
61.481785, 23.586806
61.486188, 23.585702
61.486516, 23.585510
61.487153, 23.585119
61.487863, 23.584702
61.489265, 23.583864
61.489836, 23.583472
61.492881, 23.579705
61.500021, 23.565600
61.506417, 23.564745
61.507350, 23.565378
61.513796, 23.567656
61.514057, 23.567689
61.518999, 23.567522
61.524201, 23.565579
61.525519, 23.564803
61.535601, 23.560724
61.540059, 23.562631
61.540381, 23.562785
61.540606, 23.562896
61.541804, 23.563458
61.543090, 23.564160
61.544384, 23.564816
61.547153, 23.566867
61.552042, 23.572888
61.552582, 23.573324
61.553108, 23.573134
61.554003, 23.571585
61.554522, 23.571689
61.554782, 23.570361
61.555531, 23.564654
61.555988, 23.561205
61.556447, 23.557787
61.557452, 23.550427
61.557599, 23.549667
61.557626, 23.549517
61.557785, 23.548622
61.558344, 23.546055
61.559267, 23.542618
61.567403, 23.510046
61.567765, 23.508296
61.567817, 23.508061
61.568807, 23.503649
61.568968, 23.502971
61.569015, 23.502792
61.569901, 23.499765
61.573981, 23.487853
61.574564, 23.485999
61.575978, 23.480938
61.576046, 23.480695
61.576096, 23.480511
61.576999, 23.476669
61.577386, 23.475034
61.578369, 23.469845
61.578386, 23.469739
61.578603, 23.468376
61.579134, 23.464723
61.579405, 23.462197
61.579645, 23.459792
61.579822, 23.458021
61.580570, 23.451689
61.580631, 23.451225
61.582564, 23.439932
61.582600, 23.439762
61.583974, 23.433887
61.585358, 23.428723
61.587696, 23.421411
61.591498, 23.409302
61.592174, 23.406953
61.594454, 23.399538
61.594593, 23.399103
61.598698, 23.386168
61.599636, 23.383252
61.600919, 23.379075
61.602836, 23.372844
61.603752, 23.369681
61.604206, 23.367943
61.606370, 23.358800
61.606409, 23.358584
61.607352, 23.353754
61.607402, 23.353442
61.607694, 23.351842
61.608117, 23.349283
61.608512, 23.346719
61.608684, 23.345601
61.609003, 23.343165
61.609342, 23.340346
61.609820, 23.335840
61.609847, 23.335558
61.610189, 23.331698
61.610870, 23.317142
61.611160, 23.306447
61.611300, 23.304334
61.611350, 23.303654
61.611844, 23.298379
61.612163, 23.294828
61.612292, 23.293474
61.612474, 23.291565
61.612899, 23.287060
61.615837, 23.266700
61.617376, 23.261330
61.625112, 23.243362
61.626579, 23.242081
61.635078, 23.237696
61.635118, 23.237660
61.644074, 23.220512
61.645097, 23.216031
61.645191, 23.215598
61.645462, 23.214354
61.645700, 23.213256
61.646331, 23.210390
61.646654, 23.208902
61.655656, 23.175992
61.657655, 23.171049
61.660826, 23.165713
61.670997, 23.158910
61.673243, 23.159188
61.673617, 23.159296
61.677849, 23.161107
61.698411, 23.153306
61.699759, 23.152610
61.699839, 23.152574
61.702098, 23.151682
61.704656, 23.150576
61.707012, 23.149204
61.708687, 23.148134
61.709829, 23.147308
61.727756, 23.133287
61.728792, 23.132356
61.728946, 23.132216
61.730461, 23.130848
61.731917, 23.129654
61.740565, 23.113459
61.741580, 23.110031
61.741793, 23.109340
61.742012, 23.108616
61.746759, 23.092833
61.749995, 23.082056
61.750814, 23.079346
61.751819, 23.076017
61.752129, 23.074845
61.752453, 23.073506
61.753810, 23.066355
61.753890, 23.065921
61.753988, 23.065372
61.754268, 23.063829
61.755422, 23.056899
61.755917, 23.052547
61.756080, 23.050751
61.756120, 23.050259
61.756643, 23.041593
61.756760, 23.039846
61.756810, 23.038956
61.756859, 23.038225
61.756968, 23.036597
61.757430, 23.033383
61.759314, 23.027606
61.761093, 23.024744
61.762715, 23.022831
61.764814, 23.020354
61.765005, 23.020121
61.770673, 23.013338
61.772710, 23.010897
61.773971, 23.009387
61.774683, 23.008520
61.776205, 23.006681
61.777546, 23.005096
61.780347, 23.001785
61.780537, 23.001561
61.781298, 23.000608
61.781468, 23.000404
61.783178, 22.998320
61.784129, 22.997156
61.784979, 22.996114
61.785415, 22.995579
61.786905, 22.993754
61.788460, 22.991430
61.789611, 22.989710
61.790109, 22.988966
61.791219, 22.987321
61.794832, 22.981876
61.797762, 22.977459
61.798140, 22.976909
61.802016, 22.971200
61.806261, 22.965257
61.808532, 22.962773
61.810052, 22.961110
61.815551, 22.955193
61.819151, 22.951407
61.820969, 22.949600
61.824309, 22.947135
61.825458, 22.946310
61.829858, 22.943152
61.830857, 22.942435
61.831001, 22.942332
61.834736, 22.939643
61.838859, 22.936426
61.840312, 22.935258
61.842465, 22.933521
61.843013, 22.933079
61.845534, 22.931088
61.847961, 22.930370
61.849156, 22.931076
61.849300, 22.931225
61.850036, 22.932166
61.850746, 22.933234
61.852104, 22.935367
61.853139, 22.937165
61.853727, 22.938231
61.854481, 22.939823
61.856857, 22.944842
61.858147, 22.947565
61.860256, 22.952019
61.862833, 22.957462
61.863928, 22.959392
61.865264, 22.961005
61.866225, 22.961825
61.866918, 22.962285
61.867502, 22.962673
61.867792, 22.962866
61.868036, 22.963000
61.872641, 22.965944
61.873353, 22.966391
61.873492, 22.966478
61.876110, 22.968117
61.876495, 22.968358
61.877225, 22.968841
61.893458, 22.978953
61.894750, 22.979381
61.898796, 22.979921
61.901988, 22.979204
61.905027, 22.978194
61.908563, 22.977019
61.912410, 22.975916
61.914791, 22.975798
61.917459, 22.976115
61.919134, 22.976313
61.925427, 22.977802
61.929020, 22.979741
61.929071, 22.979769
61.933207, 22.982000
61.934168, 22.982477
61.935428, 22.983172
61.935694, 22.983319
61.938449, 22.984628
61.951700, 22.992686
61.952870, 22.993243
61.953055, 22.993302
61.958290, 22.994959
61.960994, 22.995816
61.964791, 22.997009
61.966348, 22.997615
61.969081, 22.999218
61.972812, 23.001872
61.974983, 23.003455
61.975324, 23.003683
61.977365, 23.004983
61.978740, 23.005466
61.980730, 23.005388
61.983887, 23.006405
61.984544, 23.007391
61.988736, 23.013161
61.993027, 23.014140
61.994295, 23.013040
61.994749, 23.012669
61.995792, 23.011804
61.996375, 23.011367
61.996586, 23.011212
61.996718, 23.011123
62.002859, 23.012268
62.004525, 23.012899
62.004875, 23.013016
62.005549, 23.013222
62.006078, 23.013483
62.006377, 23.013603
62.009719, 23.016448
62.009897, 23.016652
62.010776, 23.017363
62.010852, 23.017423
62.012436, 23.018072
62.019962, 23.015444
62.020184, 23.015309
62.021852, 23.014384
62.022124, 23.014309
62.023150, 23.014118
62.023301, 23.014116
62.024383, 23.014199
62.025368, 23.014582
62.025556, 23.014697
62.030824, 23.021421
62.030875, 23.021502
62.033753, 23.026078
62.033893, 23.026299
62.035829, 23.029309
62.035975, 23.029528
62.038767, 23.033440
62.057208, 23.038238
62.075077, 23.043056
62.076755, 23.043382
62.078748, 23.043769
62.080403, 23.044185
62.088832, 23.045060
62.089897, 23.044943
62.090825, 23.044841
62.090917, 23.044830
62.093319, 23.044525
62.096536, 23.042200
62.101581, 23.036530
62.101787, 23.036235
62.102596, 23.034999
62.102843, 23.034582
62.104847, 23.030661
62.105690, 23.028638
62.106316, 23.027185
62.111993, 23.016803
62.114058, 23.013174
62.118524, 23.004602
62.119135, 23.003347
62.120795, 22.999951
62.120869, 22.999801
62.121547, 22.998419
62.124439, 22.992560
62.125255, 22.990969
62.126109, 22.989374
62.127267, 22.987282
62.128327, 22.985505
62.129612, 22.983809
62.134001, 22.980923
62.136025, 22.980231
62.137672, 22.980157
62.138012, 22.980149
62.139553, 22.980114
62.141209, 22.980125
62.141459, 22.980126
62.147972, 22.980000
62.155457, 22.979859
62.156764, 22.979850
62.157141, 22.979832
62.158409, 22.979795
62.159497, 22.979786
62.160714, 22.979786
62.165178, 22.979715
62.169114, 22.979696
62.170999, 22.980203
62.174817, 22.981251
62.176235, 22.980885
62.179969, 22.978748
62.180425, 22.978486
62.180750, 22.978301
62.189068, 22.971199
62.202617, 22.959272
62.204696, 22.957466
62.206894, 22.954540
62.207659, 22.953199
62.209125, 22.951053
62.210243, 22.949309
62.211849, 22.946990
62.213660, 22.945096
62.216706, 22.943520
62.219629, 22.943413
62.221805, 22.943478
62.222460, 22.943355
62.224557, 22.942339
62.225654, 22.941448
62.231179, 22.937646
62.236933, 22.935681
62.237460, 22.935494
62.241568, 22.933474
62.241754, 22.933291
62.242111, 22.932939
62.242842, 22.932220
62.257725, 22.920829
62.271689, 22.913768
62.272388, 22.913949
62.272501, 22.913978
62.277237, 22.912320
62.277867, 22.911892
62.279239, 22.910923
62.287457, 22.905287
62.288595, 22.903814
62.290994, 22.900728
62.294482, 22.897517
62.297234, 22.895062
62.299815, 22.892757
62.303417, 22.889626
62.311122, 22.885256
62.318338, 22.882321
62.321462, 22.879672
62.325483, 22.874282
62.325521, 22.874185
62.326600, 22.871409
62.331939, 22.856418
62.335094, 22.851787
62.340514, 22.845187
62.346235, 22.836341
62.350266, 22.830821
62.357224, 22.823964
62.357230, 22.823958
62.357627, 22.823595
62.360211, 22.821067
62.361447, 22.819840
62.362737, 22.818526
62.363418, 22.817722
62.365729, 22.814501
62.376531, 22.802250
62.379818, 22.801044
62.380240, 22.801016
62.385267, 22.800681
62.385846, 22.800618
62.386000, 22.800602
62.387840, 22.800065
62.389619, 22.799336
62.390549, 22.798930
62.390617, 22.798892
62.393950, 22.797025
62.397564, 22.794981
62.398062, 22.794703
62.400475, 22.793338
62.402155, 22.792385
62.404173, 22.791286
62.404182, 22.791283
62.407844, 22.790592
62.408312, 22.790605
62.409019, 22.790630
62.411096, 22.790714
62.415851, 22.790951
62.415910, 22.790953
62.418821, 22.790400
62.426905, 22.786779
62.427607, 22.786463
62.432173, 22.783168
62.434021, 22.781207
62.436427, 22.778655
62.438456, 22.776784
62.442683, 22.775359
62.445554, 22.774784
62.445615, 22.774774
62.448729, 22.774097
62.449965, 22.773833
62.452039, 22.773237
62.453603, 22.772904
62.457475, 22.772097
62.459989, 22.771601
62.463596, 22.770559
62.467072, 22.767037
62.471919, 22.761662
62.475846, 22.758810
62.480279, 22.754860
62.484144, 22.751138
62.485212, 22.750287
62.485921, 22.749735
62.488108, 22.748028
62.488553, 22.747671
62.495138, 22.743993
62.496031, 22.743675
62.496389, 22.743537
62.497150, 22.743229
62.497372, 22.743095
62.497545, 22.743002
62.497958, 22.742735
62.498634, 22.742226
62.499063, 22.741866
62.501972, 22.737368
62.502567, 22.736236
62.503618, 22.734365
62.505126, 22.731603
62.505960, 22.730126
62.506603, 22.729041
62.507253, 22.727883
62.508586, 22.725444
62.510431, 22.722054
62.510451, 22.722012
62.510807, 22.721277
62.511216, 22.720260
62.512600, 22.716786
62.512969, 22.715851
62.513932, 22.713414
62.516805, 22.706171
62.518135, 22.703091
62.522599, 22.694591
62.522645, 22.694504
62.524051, 22.691748
62.525495, 22.688715
62.526803, 22.685941
62.528225, 22.682880
62.530219, 22.678610
62.530281, 22.678487
62.533408, 22.672413
62.534749, 22.670110
62.535349, 22.669083
62.535742, 22.668411
62.536467, 22.667170
62.538712, 22.663329
62.538784, 22.663205
62.541584, 22.658414
62.541655, 22.658287
62.542301, 22.657189
62.543462, 22.655167
62.545637, 22.651759
62.545760, 22.651559
62.546876, 22.649837
62.547117, 22.649465
62.550561, 22.644438
62.555064, 22.643016
62.555903, 22.642184
62.561628, 22.634300
62.562823, 22.632474
62.565354, 22.627146
62.567123, 22.623295
62.568551, 22.620068
62.569483, 22.617696
62.571414, 22.611746
62.573282, 22.604755
62.574726, 22.599338
62.578305, 22.583258
62.579883, 22.576038
62.585782, 22.555105
62.586720, 22.552004
62.588789, 22.545101
62.590236, 22.540270
62.590582, 22.539098
62.591579, 22.535160
62.592079, 22.532978
62.592538, 22.530873
62.592707, 22.530091
62.592763, 22.529829
62.592846, 22.529449
62.593598, 22.525985
62.594470, 22.518301
62.594710, 22.514860
62.594834, 22.513109
62.594911, 22.512020
62.595253, 22.507396
62.596417, 22.499132
62.598153, 22.489605
62.598531, 22.487460
62.599183, 22.483941
62.600061, 22.479031
62.601957, 22.469424
62.604407, 22.462933
62.605766, 22.460531
62.607418, 22.457810
62.608168, 22.456534
62.610901, 22.449671
62.616629, 22.437643
62.617184, 22.436680
62.617286, 22.436508
62.618058, 22.435217
62.618493, 22.434336
62.619249, 22.433014
62.619339, 22.432860
62.620196, 22.431437
62.620791, 22.430409
62.621143, 22.429887
62.625738, 22.425876
62.625774, 22.425864
62.627569, 22.425870
62.628145, 22.426066
62.628793, 22.426330
62.635005, 22.429106
62.635114, 22.429154
62.636446, 22.429741
62.644613, 22.433337
62.649528, 22.435552
62.652669, 22.436408
62.652800, 22.436361
62.654493, 22.435756
62.655790, 22.435292
62.659195, 22.433957
62.661440, 22.432089
62.662053, 22.431393
62.664390, 22.429653
62.667074, 22.430484
62.669347, 22.432449
62.671703, 22.434528
62.673615, 22.436210
62.675292, 22.437685
62.677919, 22.440009
62.681207, 22.442911
62.681635, 22.443292
62.683497, 22.444941
62.687718, 22.448618
62.691249, 22.450952
62.693743, 22.451020
62.698446, 22.446082
62.698862, 22.445571
62.700103, 22.443794
62.701293, 22.442086
62.710717, 22.428560
62.712082, 22.426617
62.714732, 22.422843
62.720342, 22.414491
62.726474, 22.405399
62.728146, 22.403450
62.730407, 22.400813
62.731413, 22.399640
62.743647, 22.387496
62.751189, 22.382950
62.754638, 22.380824
62.758364, 22.378548
62.760485, 22.377035
62.764309, 22.368527
62.764754, 22.365488
62.765035, 22.360306
62.765527, 22.351509
62.765848, 22.345766
62.766056, 22.341645
62.767817, 22.331592
62.768263, 22.329747
62.770137, 22.321978
62.770697, 22.320154
62.772033, 22.316616
62.772619, 22.315159
62.774081, 22.311518
62.774545, 22.310362
62.783932, 22.287112
62.788986, 22.279174
62.789845, 22.278204
62.791600, 22.277057
62.792231, 22.276799
62.796235, 22.275097
62.796303, 22.275068
62.798812, 22.274017
62.807972, 22.270073
62.813121, 22.267682
62.814670, 22.266937
62.819646, 22.264205
62.822360, 22.262636
62.826982, 22.259880
62.832442, 22.255176
62.836431, 22.247833
62.837679, 22.245570
62.846306, 22.233411
62.847020, 22.232458
62.847174, 22.232251
62.847534, 22.231658
62.852270, 22.223016
62.853786, 22.220830
62.854578, 22.219403
62.861102, 22.209502
62.862446, 22.205186
62.864510, 22.196364
62.865459, 22.191697
62.865820, 22.189922
62.866006, 22.189008
62.866215, 22.187995
62.866965, 22.184343
62.867181, 22.183358
62.867246, 22.183059
62.868633, 22.177281
62.869477, 22.173676
62.869531, 22.173445
62.870270, 22.170288
62.870919, 22.167541
62.871161, 22.166514
62.872473, 22.157833
62.877811, 22.137113
62.879621, 22.129956
62.885239, 22.106607
62.888448, 22.094224
62.888609, 22.093855
62.889059, 22.093009
62.892599, 22.085663
62.893472, 22.083713
62.894527, 22.081353
62.895103, 22.080010
62.896296, 22.077193
62.896971, 22.075187
62.897266, 22.074177
62.897863, 22.072103
62.899635, 22.069637
62.900282, 22.069117
62.901596, 22.068472
62.902319, 22.068605
62.903622, 22.069129
62.904690, 22.069045
62.904727, 22.069036
62.905567, 22.068790
62.905884, 22.068675
62.906848, 22.068264
62.907451, 22.067809
62.911134, 22.064671
62.911520, 22.064343
62.912565, 22.063536
62.916938, 22.062604
62.918509, 22.063409
62.921824, 22.064512
62.921846, 22.064517
62.923233, 22.064677
62.924543, 22.064732
62.924656, 22.064736
62.926010, 22.064784
62.926555, 22.064804
62.928906, 22.064852
62.933903, 22.063301
62.935452, 22.062251
62.936864, 22.061232
62.936999, 22.061135
62.938156, 22.060317
62.938993, 22.059734
62.939665, 22.059268
62.941308, 22.058208
62.942602, 22.057338
62.945596, 22.054611
62.945685, 22.054512
62.946481, 22.053755
62.946534, 22.053717
62.946955, 22.053387
62.947693, 22.052678
62.948301, 22.052094
62.949464, 22.050977
62.950814, 22.049757
62.950916, 22.049664
62.951742, 22.048889
62.952961, 22.047718
62.955609, 22.046043
62.956120, 22.045759
62.956919, 22.045243
62.958820, 22.043850
62.959636, 22.043181
62.964355, 22.039613
62.966735, 22.036741
62.966921, 22.036407
62.967383, 22.035544
62.968683, 22.032860
62.970060, 22.030062
62.970286, 22.029580
62.971498, 22.026918
62.971376, 22.025885
62.971518, 22.025268
62.971894, 22.023640
62.972211, 22.022503
62.972380, 22.022014
62.972633, 22.021294
62.973146, 22.019941
62.973539, 22.018904
62.973758, 22.018327
62.974460, 22.016473
62.974908, 22.015291
62.974991, 22.015048
62.975342, 22.014144
62.975511, 22.013665
62.975542, 22.013583
62.975776, 22.012759
62.975926, 22.012244
62.976009, 22.011914
62.976163, 22.011570
62.976541, 22.011484
62.976890, 22.011396
62.977326, 22.011296
62.977633, 22.011165
62.977993, 22.010997
62.978263, 22.010873
62.978407, 22.010729
62.978447, 22.010658
62.978673, 22.010195
62.978829, 22.009845
62.979058, 22.009338
62.979189, 22.009001
62.979505, 22.008318
62.979547, 22.008229
62.979675, 22.007943
62.979775, 22.007719
62.979796, 22.007673
62.980090, 22.007015
62.980520, 22.006182
62.980899, 22.005373
62.980980, 22.005201
62.981247, 22.004648
62.981388, 22.004351
62.981854, 22.003313
62.982387, 22.001565
62.982535, 22.001116
62.982803, 22.000144
62.983313, 22.000577
62.983756, 22.000374
62.985384, 21.993441
62.985706, 21.992417
62.987222, 21.988851
62.989811, 21.980998
62.991335, 21.972997
62.991721, 21.970795
62.992828, 21.964793
62.993303, 21.962065
62.993505, 21.961028
62.993679, 21.959972
62.993891, 21.958693
62.994414, 21.954963
62.994612, 21.952838
62.995628, 21.942542
62.995927, 21.939549
62.996296, 21.935607
62.996433, 21.927269
62.996430, 21.926922
62.996566, 21.922280
62.997294, 21.917588
62.998546, 21.913343
62.999275, 21.910955
62.999429, 21.910415
62.999914, 21.908390
63.000143, 21.907146
63.000191, 21.906870
63.000416, 21.905524
63.000553, 21.904601
63.000863, 21.902143
63.002228, 21.892633
63.003136, 21.886175
63.003753, 21.881807
63.004455, 21.877801
63.005151, 21.874738
63.005203, 21.874521
63.005376, 21.873790
63.005603, 21.872851
63.005733, 21.872266
63.005779, 21.872062
63.008556, 21.860632
63.009839, 21.855276
63.012675, 21.843436
63.013030, 21.841953
63.014031, 21.837769
63.014832, 21.834419
63.016153, 21.828900
63.016393, 21.827897
63.016577, 21.827091
63.017094, 21.824785
63.017290, 21.823997
63.017665, 21.822440
63.018982, 21.816951
63.019553, 21.814590
63.020078, 21.812560
63.021833, 21.805229
63.022377, 21.802904
63.023431, 21.798281
63.024390, 21.792701
63.024665, 21.790233
63.024928, 21.786122
63.025037, 21.777153
63.026040, 21.767672
63.027121, 21.762863
63.028148, 21.758639
63.030784, 21.749916
63.032266, 21.746044
63.037133, 21.736316
63.038610, 21.733883
63.040112, 21.731467
63.040486, 21.730885
63.054190, 21.713609
63.058671, 21.710433
63.069040, 21.699397
63.072611, 21.691207
63.072682, 21.690931
63.073397, 21.687436
63.074512, 21.678280
63.075428, 21.673273
63.075489, 21.673004
63.080152, 21.647963
63.082905, 21.630666
63.083760, 21.628125
63.084230, 21.627060
63.084846, 21.625881
63.085458, 21.624985
63.085588, 21.624837
63.085682, 21.624632
63.085794, 21.624195
63.085779, 21.623395
63.085669, 21.622774
63.085658, 21.622706
63.085558, 21.622125
63.085320, 21.620810
63.085185, 21.620428
63.085103, 21.620306
63.085091, 21.620078
63.085094, 21.620051
63.085170, 21.619908
63.085269, 21.619936
63.085305, 21.620014
63.085451, 21.620026
63.086042, 21.619503
63.086242, 21.619329
63.086675, 21.618960
63.086945, 21.618730
63.086817, 21.618009
63.086643, 21.617024
63.086393, 21.615657
63.086370, 21.615529
63.086250, 21.614870
63.086143, 21.614302
63.086372, 21.614098
63.086953, 21.613592
63.086982, 21.613567
63.087214, 21.613364
63.087601, 21.613027
63.088401, 21.612332
63.088663, 21.612106
63.089020, 21.611781
63.089173, 21.611648
63.089775, 21.611121
63.090247, 21.610708
63.090605, 21.610388
63.091312, 21.609764
63.091508, 21.609592
63.091676, 21.609443
63.091799, 21.609334
63.092041, 21.609126
63.091941, 21.608564
63.091819, 21.607877
63.091810, 21.607827
63.091764, 21.607573
63.091715, 21.607295
63.091591, 21.606596
63.092124, 21.606136
63.092508, 21.605805
63.092515, 21.605798
63.093033, 21.605334
63.092782, 21.603826
63.092387, 21.601136
63.092325, 21.600497
63.092339, 21.598210
63.092422, 21.596348
63.091406, 21.590228
63.091318, 21.590073
63.091361, 21.589935
63.091588, 21.589280
63.091699, 21.588870
63.091843, 21.588369
63.092061, 21.587121
63.089869, 21.580589
63.089513, 21.579444
63.088987, 21.577134
63.089132, 21.572910
63.089231, 21.570274
63.089314, 21.568097
63.089362, 21.566842
63.089434, 21.564955
63.089467, 21.564088
63.089232, 21.559834
63.088938, 21.559790
63.088768, 21.559209
63.087823, 21.556241
63.087702, 21.554443
63.086048, 21.537432
63.086333, 21.534264
63.094444, 21.485567
63.102653, 21.436801
63.116110, 21.370482
63.119680, 21.352077
63.120906, 21.347065
63.122820, 21.343052
63.130598, 21.329104
63.132210, 21.324053
63.132772, 21.318929
63.132543, 21.313749
63.131379, 21.304420
63.125578, 21.263886
63.119776, 21.227292
63.116660, 21.202345
63.116179, 21.191608
63.116554, 21.181334
63.117582, 21.164919
63.118614, 21.157104
63.120792, 21.147412
63.125583, 21.136526
63.142731, 21.107923
63.240558, 20.935811
63.243845, 20.928022
63.247125, 20.916778
63.254812, 20.889647
63.267622, 20.843844
63.295327, 20.750619
63.298400, 20.742726
63.301763, 20.736611
63.311116, 20.725015
63.329932, 20.707519
63.345693, 20.692125
63.365689, 20.674538
63.378695, 20.662573
63.395545, 20.646939
63.412478, 20.631923
63.429909, 20.616058
63.446687, 20.601526
63.481535, 20.566640
63.508876, 20.538677
63.526226, 20.517262
63.543900, 20.494543
63.559382, 20.474737
63.575089, 20.455490
63.589258, 20.438482
63.605048, 20.418767
63.620694, 20.401322
63.634072, 20.388089
63.642246, 20.379942
63.650158, 20.371976
63.657816, 20.364840
63.666226, 20.358868
63.674726, 20.353686
63.677942, 20.351482
63.679619, 20.348967
63.680642, 20.346103
63.681249, 20.343301
63.681495, 20.340965
63.684919, 20.340225
63.685036, 20.340458
63.686159, 20.341746
63.688272, 20.343736
63.692145, 20.351033
63.692336, 20.351420
63.693289, 20.353328
63.700090, 20.357956
63.700843, 20.358243
63.701920, 20.358688
63.702119, 20.358795
63.703176, 20.359680
63.705780, 20.361633
63.707169, 20.361276
63.709136, 20.360520
63.712167, 20.358374
63.712093, 20.356400
63.711861, 20.348207
63.711872, 20.346914
63.711860, 20.346149
63.711698, 20.343492
63.710316, 20.325862
63.710334, 20.325639
63.710427, 20.324750
63.710671, 20.323115
63.710762, 20.322689
63.714188, 20.309440
63.714256, 20.309225
63.714799, 20.307589
63.714984, 20.307125
63.716868, 20.303788
63.718465, 20.301400
63.723370, 20.294516
63.725081, 20.293325
63.735707, 20.289713
63.740534, 20.289709
63.741125, 20.289992
63.743481, 20.291312
63.744159, 20.291689
63.748125, 20.293425
63.748315, 20.293480
63.749960, 20.293850
63.750721, 20.293944
63.752606, 20.294130
63.755667, 20.294387
63.762226, 20.294920
63.766506, 20.295935
63.766525, 20.287383
63.766512, 20.282514
63.766490, 20.276529
63.766479, 20.272657
63.766476, 20.271745
63.766447, 20.261657
63.766744, 20.256055
63.766755, 20.255899
63.770882, 20.232226
63.774011, 20.217578
63.774119, 20.217075
63.776469, 20.203339
63.776528, 20.201996
63.777268, 20.197592
63.777448, 20.196127
63.777455, 20.194983
63.777456, 20.194904
63.777465, 20.193268
63.777465, 20.193132
63.777677, 20.189851
63.777118, 20.189148
63.776483, 20.188388
63.776306, 20.188165
63.774442, 20.185871
63.770762, 20.181681
63.767140, 20.176328
63.765946, 20.174654
63.765459, 20.174041
63.764700, 20.173029
63.763854, 20.171887
63.762300, 20.169826
63.758204, 20.163657
63.755010, 20.157599
63.754127, 20.156035
63.753643, 20.155154
63.750104, 20.148084
63.745424, 20.136296
63.745040, 20.135227
63.744622, 20.134192
63.743846, 20.132203
63.742534, 20.128833
63.731332, 20.096667
63.726776, 20.086379
63.726412, 20.085465
63.718555, 20.073548
63.715730, 20.067242
63.715399, 20.066400
63.712662, 20.060069
63.710952, 20.056597
63.702383, 20.040701
63.701614, 20.039269
63.701245, 20.038608
63.700648, 20.037490
63.700176, 20.036557
63.699050, 20.034372
63.695628, 20.027712
63.695251, 20.026972
63.689949, 20.016797
63.688539, 20.014012
63.685143, 20.007439
63.683992, 20.005239
63.683641, 20.004579
63.681668, 20.000754
63.680863, 19.999206
63.680700, 19.998907
63.679957, 19.997374
63.679752, 19.996937
63.679396, 19.996196
63.677991, 19.993344
63.676481, 19.990064
63.672051, 19.980497
63.670109, 19.976654
63.663735, 19.965531
63.663269, 19.964944
63.662781, 19.964315
63.654752, 19.953882
63.654261, 19.953153
63.652510, 19.950579
63.649887, 19.946619
63.642317, 19.926805
63.641168, 19.923791
63.640794, 19.922742
63.640076, 19.919608
63.639885, 19.918497
63.639855, 19.918314
63.639651, 19.917194
63.639269, 19.915137
63.638864, 19.912960
63.638435, 19.910700
63.638173, 19.909314
63.637740, 19.907175
63.637557, 19.906276
63.636813, 19.903027
63.632923, 19.889467
63.630554, 19.879596
63.630038, 19.876896
63.629728, 19.875117
63.629390, 19.873010
63.628854, 19.869673
63.628158, 19.865398
63.627582, 19.862308
63.627384, 19.861360
63.626786, 19.858695
63.624979, 19.852057
63.617163, 19.831313
63.615814, 19.825612
63.615562, 19.824296
63.615399, 19.823364
63.613886, 19.806744
63.613614, 19.804235
63.613481, 19.803069
63.607055, 19.773402
63.606789, 19.772665
63.604666, 19.766554
63.603776, 19.763946
63.603654, 19.763587
63.599360, 19.746812
63.596137, 19.718717
63.595312, 19.714356
63.592341, 19.701948
63.592117, 19.701023
63.590607, 19.693752
63.589989, 19.690021
63.589524, 19.686845
63.589324, 19.685325
63.589137, 19.683838
63.588905, 19.681727
63.588582, 19.678221
63.587442, 19.667115
63.587285, 19.665884
63.586962, 19.663623
63.586679, 19.661615
63.586275, 19.658975
63.585760, 19.655342
63.585365, 19.652282
63.585116, 19.621066
63.585154, 19.616782
63.585075, 19.612279
63.584967, 19.609672
63.584863, 19.607678
63.584723, 19.605516
63.584502, 19.601747
63.584570, 19.569995
63.584640, 19.564576
63.583552, 19.542565
63.581898, 19.527369
63.580079, 19.503214
63.579966, 19.494475
63.579951, 19.493617
63.579103, 19.479163
63.578375, 19.469679
63.577822, 19.462985
63.577763, 19.462421
63.576826, 19.456382
63.575962, 19.452527
63.574327, 19.446557
63.573248, 19.443389
63.572099, 19.440622
63.568459, 19.434788
63.568240, 19.434504
63.566440, 19.432071
63.563085, 19.429049
63.560681, 19.426928
63.559477, 19.425726
63.558822, 19.425064
63.555998, 19.422126
63.554028, 19.419833
63.551520, 19.416873
63.547108, 19.411896
63.546346, 19.411110
63.541524, 19.406790
63.538836, 19.404409
63.536571, 19.402189
63.534804, 19.400298
63.533472, 19.398748
63.522182, 19.380447
63.511765, 19.357893
63.511533, 19.357511
63.511366, 19.357222
63.511222, 19.356954
63.511037, 19.356644
63.510136, 19.355116
63.508252, 19.351917
63.504772, 19.345646
63.504404, 19.344887
63.495236, 19.321170
63.494461, 19.320007
63.493927, 19.319181
63.486436, 19.307151
63.480695, 19.296528
63.479730, 19.295021
63.477609, 19.291816
63.472652, 19.284389
63.471906, 19.282876
63.471868, 19.282800
63.470799, 19.280304
63.468892, 19.275622
63.464611, 19.267201
63.463598, 19.265400
63.463058, 19.264378
63.461304, 19.260433
63.460978, 19.259580
63.460646, 19.258713
63.460009, 19.256939
63.456357, 19.243115
63.452601, 19.232575
63.450886, 19.228734
63.443710, 19.216495
63.436442, 19.211354
63.431199, 19.209599
63.428734, 19.207796
63.420460, 19.204993
63.419715, 19.205120
63.419482, 19.205160
63.418624, 19.205274
63.416909, 19.205575
63.415466, 19.205817
63.414816, 19.205868
63.414233, 19.205946
63.405839, 19.204201
63.400611, 19.200683
63.398720, 19.199022
63.394144, 19.195359
63.393673, 19.195079
63.389189, 19.194446
63.375052, 19.190272
63.373580, 19.190017
63.371845, 19.189587
63.369395, 19.188160
63.368846, 19.187617
63.368160, 19.186947
63.363146, 19.179351
63.362254, 19.177858
63.361808, 19.177114
63.357576, 19.170037
63.356743, 19.168560
63.355203, 19.165342
63.351672, 19.155023
63.350606, 19.151664
63.350103, 19.149891
63.349823, 19.149126
63.349536, 19.148238
63.344995, 19.127019
63.344651, 19.125025
63.344428, 19.123445
63.343424, 19.117590
63.343393, 19.117421
63.342852, 19.115462
63.342234, 19.113826
63.341701, 19.112720
63.341073, 19.111365
63.339073, 19.097468
63.339171, 19.095745
63.339315, 19.093459
63.339625, 19.088338
63.335909, 19.067883
63.335118, 19.065887
63.334503, 19.064677
63.332852, 19.062244
63.329869, 19.057832
63.329304, 19.056947
63.323815, 19.046889
63.322979, 19.043368
63.322776, 19.042267
63.322375, 19.040236
63.321588, 19.036257
63.321302, 19.034802
63.317090, 19.012918
63.316831, 19.011506
63.316260, 19.008405
63.316136, 19.007743
63.315793, 19.006228
63.315045, 19.002301
63.314823, 19.000780
63.314748, 19.000113
63.314270, 18.971709
63.314069, 18.967833
63.313926, 18.966345
63.313554, 18.963310
63.313381, 18.962068
63.312868, 18.957283
63.311707, 18.936486
63.310835, 18.934216
63.310413, 18.933143
63.309531, 18.930830
63.308657, 18.928553
63.306241, 18.916157
63.305543, 18.913190
63.305142, 18.912028
63.304977, 18.911589
63.304773, 18.911097
63.304318, 18.910155
63.299966, 18.900771
63.299518, 18.899596
63.298908, 18.897926
63.298791, 18.897578
63.297505, 18.892526
63.296891, 18.889153
63.296518, 18.887294
63.296321, 18.886102
63.296091, 18.884660
63.295873, 18.882676
63.295906, 18.877040
63.297243, 18.870486
63.297953, 18.868727
63.302060, 18.859985
63.302424, 18.859151
63.303187, 18.857301
63.309540, 18.839731
63.309933, 18.837829
63.310171, 18.836662
63.310884, 18.831438
63.312511, 18.821815
63.315120, 18.809771
63.315016, 18.794418
63.314773, 18.793883
63.313864, 18.792036
63.312422, 18.789224
63.311944, 18.788186
63.305938, 18.767008
63.305902, 18.766727
63.303628, 18.735452
63.303576, 18.735373
63.303469, 18.734928
63.303467, 18.734783
63.303612, 18.734254
63.303728, 18.734156
63.303711, 18.733380
63.303650, 18.732596
63.301632, 18.721729
63.300413, 18.719048
63.298904, 18.718339
63.296548, 18.719015
63.295727, 18.719780
63.295662, 18.719851
63.295158, 18.720355
63.291814, 18.719182
63.291791, 18.718966
63.291669, 18.717867
63.291562, 18.716930
63.291550, 18.716818
63.291415, 18.715595
63.291353, 18.715031
63.291076, 18.712526
63.291063, 18.712398
63.290907, 18.711124
63.290412, 18.706894
63.290311, 18.706749
63.290279, 18.706338
63.290327, 18.706173
63.290500, 18.706062
63.290532, 18.706083
63.290953, 18.705577
63.292003, 18.702601
63.292181, 18.701790
63.295444, 18.688732
63.295618, 18.685725
63.295621, 18.684268
63.297001, 18.661823
63.297378, 18.659336
63.297464, 18.658555
63.297867, 18.650051
63.294353, 18.631196
63.293865, 18.630035
63.293016, 18.627914
63.291062, 18.623035
63.290564, 18.621831
63.289933, 18.620264
63.289489, 18.619142
63.289252, 18.618545
63.288128, 18.615250
63.287788, 18.613910
63.287098, 18.602314
63.286854, 18.585872
63.286417, 18.581307
63.285405, 18.571746
63.285203, 18.569899
63.285128, 18.569006
63.285077, 18.568096
63.285039, 18.566978
63.285142, 18.566977
63.285328, 18.566967
63.286451, 18.566729
63.286676, 18.564711
63.286991, 18.562068
63.287094, 18.561148
63.287378, 18.556392
63.287128, 18.555063
63.287018, 18.554531
63.285992, 18.548244
63.285707, 18.543730
63.284856, 18.540790
63.284109, 18.538861
63.283932, 18.538410
63.284178, 18.537590
63.284819, 18.535372
63.285161, 18.534114
63.285246, 18.533798
63.285591, 18.532604
63.286451, 18.529394
63.286571, 18.528940
63.287469, 18.525788
63.292733, 18.495167
63.292918, 18.485598
63.293045, 18.479864
63.293065, 18.479031
63.293074, 18.478501
63.292357, 18.468759
63.292075, 18.467429
63.291957, 18.466888
63.290521, 18.460170
63.288985, 18.452640
63.288844, 18.451114
63.288914, 18.445449
63.288993, 18.442467
63.289024, 18.441720
63.289193, 18.433278
63.289375, 18.425723
63.289380, 18.425537
63.289382, 18.425418
63.289735, 18.410828
63.289737, 18.410742
63.291635, 18.392565
63.292420, 18.389678
63.292749, 18.388541
63.295762, 18.378406
63.296877, 18.374746
63.298097, 18.372946
63.298189, 18.372893
63.298265, 18.372852
63.298565, 18.372744
63.299370, 18.372697
63.300254, 18.372413
63.301905, 18.370314
63.304390, 18.337241
63.304171, 18.335197
63.301760, 18.331139
63.300953, 18.330449
63.300570, 18.330012
63.295805, 18.300913
63.295310, 18.299962
63.294567, 18.298528
63.293770, 18.296901
63.292611, 18.294543
63.292685, 18.294352
63.292915, 18.293736
63.293094, 18.293256
63.292799, 18.292610
63.292337, 18.291167
63.290926, 18.287208
63.288919, 18.285066
63.288383, 18.284811
63.286579, 18.283993
63.283340, 18.280697
63.283082, 18.280114
63.282709, 18.279187
63.282382, 18.278401
63.281297, 18.277261
63.276429, 18.273914
63.268295, 18.272172
63.268343, 18.269379
63.269806, 18.258062
63.269596, 18.255730
63.269338, 18.254229
63.267670, 18.250269
63.265486, 18.245410
63.264366, 18.241938
63.264034, 18.241056
63.263289, 18.239011
63.262425, 18.235134
63.262919, 18.222825
63.267789, 18.186168
63.267858, 18.178444
63.267900, 18.173783
63.267925, 18.171037
63.266464, 18.125766
63.267071, 18.113613
63.267945, 18.102881
63.277305, 18.042303
63.269341, 17.969553
63.242547, 17.946893
63.246578, 17.904610
63.248915, 17.889896
63.250989, 17.877531
63.251173, 17.868364
63.250794, 17.866477
63.249743, 17.863499
63.245651, 17.856033
63.237329, 17.850558
63.233182, 17.853663
63.233042, 17.853535
63.224014, 17.850120
63.213763, 17.852611
63.213475, 17.852707
63.207439, 17.853988
63.207039, 17.853857
63.207003, 17.853840
63.206316, 17.853337
63.204839, 17.851144
63.203167, 17.847579
63.199578, 17.832015
63.199110, 17.830209
63.196011, 17.820703
63.192437, 17.818552
63.190495, 17.816831
63.189844, 17.815675
63.188680, 17.813259
63.188400, 17.812778
63.187007, 17.811488
63.185389, 17.810818
63.179970, 17.806207
63.178388, 17.803317
63.174510, 17.800884
63.174073, 17.800494
63.173603, 17.800079
63.173360, 17.799864
63.171659, 17.798361
63.171624, 17.798331
63.169348, 17.796253
63.167856, 17.792585
63.167618, 17.792181
63.166123, 17.790787
63.165909, 17.790723
63.165096, 17.790707
63.164140, 17.790725
63.163094, 17.790261
63.162252, 17.789172
63.157002, 17.778403
63.154592, 17.771964
63.153556, 17.770852
63.152931, 17.770194
63.152016, 17.769227
63.150731, 17.767872
63.149195, 17.766104
63.148521, 17.764815
63.148175, 17.763873
63.147791, 17.762343
63.147672, 17.761713
63.147385, 17.759577
63.147262, 17.757743
63.147252, 17.756798
63.147901, 17.751840
63.148233, 17.750020
63.149014, 17.745745
63.149239, 17.744534
63.149403, 17.743609
63.149609, 17.742493
63.150103, 17.739831
63.150630, 17.736914
63.151265, 17.731537
63.151549, 17.727760
63.151659, 17.726675
63.152252, 17.723618
63.153712, 17.713410
63.153565, 17.710139
63.151931, 17.696798
63.151399, 17.690276
63.151381, 17.689277
63.151486, 17.687111
63.151683, 17.685304
63.152575, 17.681406
63.152926, 17.680441
63.153902, 17.678430
63.154596, 17.677390
63.155253, 17.676396
63.156409, 17.674163
63.156947, 17.672830
63.157097, 17.672406
63.158738, 17.665223
63.159219, 17.661275
63.159936, 17.656966
63.160076, 17.656412
63.160392, 17.655350
63.161111, 17.653464
63.162422, 17.650282
63.168943, 17.635282
63.169133, 17.635019
63.170442, 17.633649
63.171684, 17.632324
63.172936, 17.629904
63.173516, 17.628046
63.175911, 17.615100
63.176354, 17.610991
63.176419, 17.608237
63.176376, 17.606614
63.176333, 17.601169
63.176429, 17.600147
63.176679, 17.597212
63.176685, 17.596811
63.176512, 17.593855
63.176456, 17.593050
63.176406, 17.592326
63.176361, 17.590377
63.176486, 17.588310
63.176724, 17.586347
63.176919, 17.585049
63.177043, 17.584159
63.177163, 17.583283
63.177511, 17.580798
63.177821, 17.577610
63.177857, 17.571233
63.177301, 17.565910
63.177106, 17.564341
63.176782, 17.561816
63.176506, 17.559125
63.176402, 17.555158
63.176477, 17.552961
63.176562, 17.550504
63.176552, 17.547837
63.176437, 17.545818
63.176230, 17.543688
63.175718, 17.538681
63.175465, 17.536285
63.174921, 17.532009
63.174899, 17.531844
63.174752, 17.530711
63.174580, 17.529280
63.174250, 17.524825
63.174197, 17.524050
63.173900, 17.518113
63.173941, 17.516957
63.174040, 17.515615
63.174160, 17.514358
63.174558, 17.510253
63.174776, 17.507306
63.174808, 17.506569
63.175554, 17.493684
63.177539, 17.488983
63.180554, 17.483807
63.180707, 17.483376
63.181192, 17.481417
63.181429, 17.480011
63.181390, 17.473887
63.180489, 17.469450
63.180290, 17.468615
63.180187, 17.468210
63.177695, 17.460680
63.177273, 17.459554
63.175542, 17.454905
63.174895, 17.453193
63.172441, 17.446677
63.172126, 17.445825
63.169916, 17.431386
63.169730, 17.430453
63.168897, 17.427087
63.168053, 17.423776
63.167450, 17.420568
63.167089, 17.417907
63.166586, 17.414195
63.165994, 17.409875
63.165890, 17.409087
63.165617, 17.406740
63.165373, 17.402972
63.165324, 17.399838
63.165341, 17.397392
63.165335, 17.396905
63.165395, 17.387512
63.165447, 17.382204
63.165525, 17.380793
63.166032, 17.373409
63.166197, 17.368938
63.166224, 17.367029
63.166257, 17.364116
63.166372, 17.360668
63.166602, 17.358375
63.167120, 17.355292
63.168867, 17.348951
63.169150, 17.347962
63.169584, 17.346354
63.170168, 17.343802
63.171149, 17.336686
63.171351, 17.334835
63.172036, 17.328300
63.172442, 17.324481
63.173429, 17.315186
63.174626, 17.308023
63.174866, 17.306568
63.177199, 17.294709
63.177302, 17.294269
63.178076, 17.290464
63.178106, 17.290193
63.178130, 17.287409
63.178044, 17.285722
63.177886, 17.282681
63.177619, 17.277916
63.177540, 17.276464
63.177408, 17.275558
63.177370, 17.275503
63.177362, 17.275106
63.177395, 17.275048
63.177438, 17.274494
63.177393, 17.273683
63.177392, 17.273233
63.177440, 17.272414
63.177832, 17.269771
63.178018, 17.268487
63.178085, 17.267911
63.178149, 17.267370
63.178593, 17.263108
63.178452, 17.262144
63.178387, 17.261890
63.178046, 17.261444
63.176688, 17.260421
63.175416, 17.259410
63.171980, 17.254890
63.171438, 17.254229
63.171380, 17.254217
63.171268, 17.253835
63.171342, 17.253587
63.171583, 17.251792
63.171571, 17.250815
63.171431, 17.249321
63.171403, 17.249118
63.171241, 17.248052
63.171153, 17.247441
63.171086, 17.246985
63.171050, 17.246734
63.170075, 17.240719
63.169355, 17.239621
63.169291, 17.239608
63.169152, 17.238990
63.169166, 17.238927
63.169288, 17.238725
63.169306, 17.238716
63.169513, 17.237559
63.169804, 17.236357
63.169876, 17.236024
63.170565, 17.232637
63.170777, 17.231910
63.170874, 17.231637
63.172188, 17.228928
63.173203, 17.226699
63.173347, 17.226275
63.173510, 17.225668
63.173920, 17.218725
63.173358, 17.215646
63.171495, 17.211742
63.168682, 17.200837
63.168675, 17.200796
63.167391, 17.195912
63.162013, 17.175186
63.161830, 17.172824
63.161816, 17.172572
63.161801, 17.172210
63.161721, 17.169151
63.161700, 17.159662
63.164309, 17.116700
63.165228, 17.112795
63.165769, 17.110786
63.171561, 17.091501
63.172339, 17.087888
63.172425, 17.087503
63.172661, 17.086385
63.173043, 17.084423
63.173337, 17.079691
63.171867, 17.067944
63.172603, 17.062029
63.173315, 17.059880
63.173666, 17.058997
63.174220, 17.057680
63.175064, 17.055352
63.174753, 17.041411
63.174306, 17.040343
63.172602, 17.037594
63.171863, 17.036516
63.170541, 17.034592
63.170186, 17.034038
63.166578, 17.030683
63.165906, 17.030398
63.165126, 17.030110
63.163269, 17.029202
63.162318, 17.028114
63.162207, 17.027937
63.161326, 17.026094
63.160865, 17.024946
63.160447, 17.023910
63.156942, 17.022473
63.156430, 17.022936
63.155040, 17.023871
63.155017, 17.023881
63.154687, 17.023937
63.151776, 17.023351
63.151703, 17.023325
63.150078, 17.022792
63.148902, 17.022408
63.146921, 17.021620
63.146334, 17.021342
63.145122, 17.020716
63.142031, 17.019227
63.141583, 17.018952
63.141063, 17.018545
63.138568, 17.017007
63.136043, 17.015602
63.134443, 17.013442
63.134254, 17.013221
63.133486, 17.012179
63.132573, 17.011116
63.130016, 17.010264
63.124971, 17.011134
63.124108, 17.011698
63.120454, 17.013855
63.120128, 17.013909
63.119728, 17.013920
63.119616, 17.013910
63.108360, 17.005975
63.105692, 17.008437
63.102697, 17.011595
63.095429, 17.016190
63.092694, 17.016706
63.092216, 17.016644
63.089999, 17.016180
63.088082, 17.015696
63.085544, 17.013859
63.084025, 17.011937
63.082301, 17.009693
63.081838, 17.009094
63.080807, 17.007418
63.080197, 17.006180
63.079611, 17.004958
63.078191, 17.001798
63.077242, 16.998143
63.076765, 16.996274
63.075500, 16.990898
63.075041, 16.986123
63.075025, 16.984285
63.074991, 16.979952
63.074905, 16.967621
63.074880, 16.964065
63.075603, 16.951936
63.078483, 16.934039
63.078932, 16.930976
63.079292, 16.927105
63.079320, 16.926648
63.079391, 16.924971
63.079653, 16.918438
63.080138, 16.906392
63.080090, 16.897303
63.079797, 16.895780
63.079532, 16.894857
63.078205, 16.891979
63.078028, 16.891652
63.077724, 16.891100
63.077243, 16.890230
63.069769, 16.874607
63.068194, 16.870678
63.068164, 16.870603
63.066241, 16.865241
63.064634, 16.858171
63.063674, 16.843744
63.061470, 16.826985
63.059282, 16.819280
63.059251, 16.819173
63.058943, 16.818012
63.058906, 16.817885
63.057418, 16.812608
63.052521, 16.799785
63.047900, 16.767137
63.045944, 16.744092
63.044963, 16.739524
63.038216, 16.725430
63.031216, 16.714673
63.028483, 16.710302
63.022793, 16.701071
63.020981, 16.698130
63.013994, 16.669809
63.012122, 16.665524
63.011895, 16.664800
63.011534, 16.662919
63.011412, 16.661673
63.012130, 16.656587
63.012395, 16.655983
63.012852, 16.655317
63.013817, 16.654453
63.014508, 16.653798
63.014989, 16.653130
63.015707, 16.651925
63.016510, 16.650525
63.017796, 16.648303
63.018900, 16.646428
63.019484, 16.645422
63.019769, 16.644923
63.021388, 16.641293
63.021655, 16.640487
63.022410, 16.638142
63.022701, 16.637030
63.022689, 16.636863
63.022746, 16.636673
63.022840, 16.636639
63.023238, 16.635641
63.023953, 16.633533
63.024584, 16.631620
63.024677, 16.631338
63.025227, 16.629615
63.025894, 16.627665
63.026595, 16.625936
63.026954, 16.624938
63.027134, 16.624371
63.027162, 16.624291
63.027804, 16.621991
63.028436, 16.619474
63.028524, 16.618959
63.028728, 16.617806
63.028912, 16.616702
63.029378, 16.613368
63.029440, 16.613068
63.031790, 16.597919
63.032087, 16.594902
63.032488, 16.591102
63.032546, 16.590708
63.032675, 16.589824
63.033151, 16.587189
63.034056, 16.581297
63.034198, 16.579706
63.035783, 16.559963
63.035774, 16.559213
63.036498, 16.552531
63.054271, 16.524043
63.057828, 16.520407
63.060952, 16.515626
63.064842, 16.509848
63.073004, 16.494815
63.092136, 16.458342
63.092649, 16.447472
63.092576, 16.446348
63.099976, 16.382799
63.100408, 16.380217
63.118116, 16.364627
63.120795, 16.362566
63.122752, 16.360757
63.130220, 16.352772
63.132163, 16.349908
63.132609, 16.349138
63.133896, 16.346866
63.137677, 16.342073
63.146124, 16.325925
63.146841, 16.319227
63.147617, 16.304784
63.149277, 16.294117
63.149359, 16.293684
63.150572, 16.283311
63.150481, 16.275362
63.150436, 16.273551
63.150368, 16.270684
63.150340, 16.269489
63.150319, 16.268157
63.150753, 16.259207
63.150762, 16.258926
63.153843, 16.242118
63.155242, 16.223293
63.156085, 16.220828
63.157250, 16.215428
63.157392, 16.211412
63.157250, 16.208168
63.156927, 16.203228
63.148335, 16.177772
63.148188, 16.176762
63.147776, 16.159878
63.146806, 16.146689
63.145516, 16.132484
63.145406, 16.130901
63.145283, 16.128750
63.145051, 16.124364
63.144903, 16.119710
63.144903, 16.118295
63.145325, 16.106772
63.145324, 16.098978
63.145322, 16.098060
63.147084, 16.086391
63.148249, 16.077161
63.146376, 16.056500
63.139088, 16.037300
63.138618, 16.033320
63.138602, 16.033039
63.138475, 16.030099
63.139002, 16.025038
63.141565, 16.005731
63.142200, 16.004220
63.180162, 15.937887
63.180389, 15.935771
63.177823, 15.910284
63.172948, 15.875622
63.173032, 15.874036
63.173754, 15.860233
63.173543, 15.852588
63.171405, 15.820425
63.171265, 15.819483
63.170745, 15.816815
63.169802, 15.813411
63.168717, 15.810562
63.168568, 15.810222
63.168195, 15.809424
63.167690, 15.808507
63.167240, 15.807790
63.167109, 15.807533
63.160378, 15.787110
63.159797, 15.782685
63.159510, 15.780589
63.157856, 15.759213
63.158093, 15.755709
63.158679, 15.750829
63.159325, 15.746711
63.159864, 15.743282
63.160196, 15.740445
63.160325, 15.737845
63.162482, 15.706501
63.165660, 15.689258
63.166315, 15.684676
63.166360, 15.684050
63.166460, 15.682238
63.166483, 15.679191
63.165167, 15.657549
63.165522, 15.651620
63.166411, 15.644994
63.166562, 15.638999
63.166511, 15.633073
63.166640, 15.631372
63.166910, 15.628757
63.167049, 15.627387
63.167355, 15.621012
63.167358, 15.620971
63.167440, 15.619967
63.167600, 15.618599
63.167804, 15.616848
63.168175, 15.613670
63.168243, 15.611883
63.168208, 15.610436
63.167647, 15.606359
63.167299, 15.604492
63.165878, 15.600139
63.165448, 15.599398
63.165372, 15.599268
63.164877, 15.598526
63.164187, 15.597434
63.163630, 15.596411
63.163207, 15.595407
63.162804, 15.593902
63.162685, 15.593207
63.162581, 15.592451
63.162514, 15.591774
63.162551, 15.571452
63.163346, 15.567093
63.163379, 15.566950
63.177311, 15.527442
63.181181, 15.510329
63.186426, 15.490241
63.190217, 15.454580
63.190582, 15.451129
63.190700, 15.447743
63.191304, 15.439118
63.194022, 15.405359
63.193501, 15.391401
63.193484, 15.376707
63.193759, 15.368959
63.194338, 15.352760
63.194369, 15.339813
63.194013, 15.326164
63.193852, 15.319979
63.193025, 15.275594
63.192132, 15.218756
63.191598, 15.204233
63.191451, 15.200623
63.191157, 15.192777
63.191140, 15.189816
63.191517, 15.184501
63.191622, 15.183202
63.191874, 15.180250
63.192176, 15.176865
63.192670, 15.171736
63.193352, 15.166069
63.193956, 15.152991
63.196345, 15.095379
63.195575, 15.061942
63.195044, 15.044294
63.195611, 15.025303
63.195659, 14.990486
63.199464, 14.950363
63.203084, 14.914603
63.204602, 14.877376
63.204728, 14.848026
63.203278, 14.813596
63.203236, 14.813274
63.201931, 14.803321
63.195913, 14.771989
63.194090, 14.763452
63.192039, 14.755390
63.190726, 14.750796
63.189790, 14.747342
63.189527, 14.746384
63.187994, 14.740654
63.187669, 14.739469
63.187628, 14.739321
63.187063, 14.737266
63.187010, 14.737072
63.184530, 14.727980
63.183184, 14.718782
63.183027, 14.716123
63.182138, 14.705113
63.180827, 14.697218
63.180137, 14.693368
63.179645, 14.692286
63.179498, 14.692224
63.179237, 14.691879
63.179060, 14.691219
63.179040, 14.690687
63.179070, 14.690376
63.179309, 14.689652
63.179439, 14.689490
63.179907, 14.689454
63.179997, 14.689540
63.182275, 14.688880
63.196650, 14.686355
63.200841, 14.680982
63.204627, 14.674151
63.213437, 14.654469
63.214502, 14.644864
63.214724, 14.642330
63.215089, 14.639802
63.216472, 14.634653
63.216815, 14.633792
63.219578, 14.629256
63.227215, 14.618678
63.228326, 14.616918
63.229811, 14.614716
63.230502, 14.613673
63.237817, 14.604679
63.246938, 14.593594
63.247811, 14.591907
63.248358, 14.590750
63.255306, 14.565039
63.255576, 14.563937
63.257158, 14.558424
63.261305, 14.548237
63.261462, 14.547921
63.265080, 14.542020
63.267650, 14.538965
63.268659, 14.537964
63.279008, 14.525626
63.284750, 14.515951
63.286369, 14.513259
63.287594, 14.511266
63.289747, 14.507784
63.290034, 14.507364
63.292614, 14.503694
63.293137, 14.502997
63.298841, 14.496508
63.306483, 14.488285
63.309616, 14.481520
63.310659, 14.477852
63.310808, 14.477243
63.312782, 14.467868
63.312896, 14.467366
63.313742, 14.463919
63.313882, 14.463346
63.314017, 14.462787
63.315010, 14.458881
63.315193, 14.458235
63.315236, 14.458054
63.315334, 14.457644
63.315626, 14.456493
63.315717, 14.456133
63.315964, 14.455160
63.316896, 14.451478
63.317775, 14.447965
63.318992, 14.444255
63.319479, 14.443058
63.319878, 14.442166
63.322565, 14.437530
63.323615, 14.436257
63.323877, 14.435979
63.327223, 14.431193
63.327694, 14.429519
63.327726, 14.429193
63.327876, 14.428847
63.328007, 14.428806
63.328386, 14.427544
63.329051, 14.423671
63.329160, 14.422544
63.329072, 14.416060
63.327017, 14.397572
63.326897, 14.396021
63.326594, 14.392304
63.326639, 14.359747
63.326318, 14.343640
63.326087, 14.332618
63.325632, 14.311335
63.324908, 14.302186
63.324881, 14.302016
63.324272, 14.297826
63.324045, 14.295333
63.323881, 14.289135
63.323892, 14.288379
63.323555, 14.278201
63.321218, 14.229296
63.322525, 14.207464
63.322588, 14.206854
63.322669, 14.190585
63.319463, 14.179426
63.319429, 14.179305
63.318775, 14.176473
63.318477, 14.174995
63.318090, 14.173103
63.317781, 14.171588
63.317744, 14.171396
63.317142, 14.168430
63.317083, 14.168125
63.316722, 14.166309
63.316622, 14.165846
63.316575, 14.165618
63.316380, 14.164655
63.315941, 14.162482
63.315795, 14.161776
63.315014, 14.157722
63.313639, 14.113211
63.314965, 14.097739
63.316257, 14.092189
63.316955, 14.089786
63.317051, 14.089364
63.318820, 14.079752
63.318944, 14.078810
63.319491, 14.074450
63.319887, 14.071619
63.320452, 14.068275
63.320867, 14.066200
63.320961, 14.065737
63.321245, 14.064057
63.322305, 14.059900
63.323468, 14.055212
63.324115, 14.052821
63.325028, 14.049636
63.327218, 14.043078
63.334305, 14.021022
63.334460, 14.020199
63.334996, 14.017289
63.335636, 14.013671
63.336930, 14.004619
63.337599, 13.993469
63.337677, 13.991966
63.337643, 13.988878
63.337062, 13.984203
63.335944, 13.980406
63.335631, 13.979639
63.334960, 13.978297
63.333341, 13.975752
63.332972, 13.975331
63.324228, 13.949763
63.308664, 13.919230
63.304206, 13.903358
63.303990, 13.900943
63.303873, 13.898833
63.303860, 13.896928
63.303895, 13.894537
63.303914, 13.893133
63.304056, 13.889152
63.304431, 13.884306
63.305838, 13.840097
63.305867, 13.839132
63.306063, 13.835022
63.306126, 13.834278
63.306416, 13.831003
63.306712, 13.827475
63.306832, 13.826026
63.306891, 13.825373
63.309241, 13.804125
63.311464, 13.776806
63.311908, 13.751031
63.312092, 13.746709
63.312159, 13.745036
63.312171, 13.744744
63.312539, 13.734279
63.313549, 13.719138
63.312491, 13.707059
63.311254, 13.694931
63.310984, 13.688565
63.310818, 13.684660
63.310700, 13.681237
63.310562, 13.676550
63.310551, 13.674024
63.310624, 13.669176
63.310676, 13.665772
63.310680, 13.664819
63.311175, 13.653454
63.310696, 13.648239
63.310667, 13.648048
63.310333, 13.645978
63.309790, 13.642400
63.309419, 13.638069
63.309300, 13.636174
63.309185, 13.634309
63.308991, 13.631401
63.308885, 13.629732
63.309739, 13.613872
63.310253, 13.610741
63.310462, 13.609424
63.310941, 13.606820
63.313093, 13.599164
63.313486, 13.597871
63.314174, 13.595520
63.315050, 13.592032
63.315927, 13.586888
63.316646, 13.582220
63.317234, 13.578312
63.318005, 13.573149
63.318796, 13.566872
63.320413, 13.555948
63.320690, 13.554574
63.321930, 13.548297
63.323483, 13.542065
63.323971, 13.540915
63.325351, 13.538307
63.326469, 13.536260
63.326529, 13.536142
63.327570, 13.533781
63.328409, 13.531789
63.329132, 13.529819
63.330964, 13.525414
63.331848, 13.523541
63.332113, 13.522988
63.333960, 13.519208
63.334376, 13.518367
63.334566, 13.517968
63.335248, 13.516348
63.336437, 13.506713
63.339584, 13.493178
63.340729, 13.488673
63.341327, 13.483400
63.341336, 13.483187
63.341490, 13.479549
63.341792, 13.476759
63.341836, 13.476458
63.342436, 13.473871
63.343043, 13.471951
63.343848, 13.469334
63.345499, 13.463001
63.345633, 13.461754
63.345507, 13.458215
63.344676, 13.455103
63.343778, 13.452768
63.342117, 13.448632
63.341873, 13.448018
63.341485, 13.447028
63.340804, 13.445262
63.339251, 13.441002
63.338576, 13.437695
63.336282, 13.427762
63.335242, 13.423305
63.333680, 13.415537
63.331598, 13.409060
63.329573, 13.401721
63.326404, 13.383695
63.325457, 13.378175
63.325366, 13.377625
63.323113, 13.367919
63.322868, 13.367166
63.320719, 13.359494
63.316145, 13.346395
63.314462, 13.341335
63.313217, 13.335161
63.312888, 13.327797
63.312864, 13.326294
63.312894, 13.323415
63.312954, 13.319555
63.313395, 13.297824
63.315187, 13.273540
63.315250, 13.272515
63.315302, 13.271619
63.315346, 13.270692
63.315417, 13.269704
63.315522, 13.268148
63.316071, 13.264131
63.317662, 13.255736
63.319007, 13.249182
63.320920, 13.241943
63.323748, 13.235623
63.325176, 13.232610
63.331421, 13.219917
63.335038, 13.214102
63.337241, 13.210886
63.341652, 13.202550
63.342101, 13.201015
63.349344, 13.189174
63.351754, 13.187492
63.356355, 13.183558
63.365659, 13.170341
63.366608, 13.168995
63.366839, 13.168657
63.368987, 13.166061
63.369730, 13.165194
63.372185, 13.162588
63.374181, 13.160368
63.375823, 13.158485
63.377111, 13.156754
63.378566, 13.153573
63.379179, 13.151613
63.379437, 13.150741
63.380185, 13.147898
63.380668, 13.146065
63.382456, 13.139271
63.382738, 13.138200
63.382801, 13.137960
63.382928, 13.137400
63.384128, 13.132818
63.384711, 13.129956
63.385018, 13.128101
63.385029, 13.128032
63.385246, 13.126449
63.385629, 13.123654
63.387802, 13.105868
63.388531, 13.102719
63.388817, 13.101693
63.389709, 13.099078
63.393204, 13.093728
63.396576, 13.089794
63.396810, 13.089411
63.399379, 13.083869
63.399502, 13.083520
63.399739, 13.082854
63.399810, 13.082645
63.399871, 13.082467
63.399935, 13.082291
63.400389, 13.081051
63.400784, 13.079944
63.400937, 13.079515
63.401030, 13.079243
63.401718, 13.077161
63.401873, 13.076665
63.402014, 13.076196
63.402572, 13.074165
63.403061, 13.072193
63.404774, 13.060408
63.405086, 13.058851
63.405333, 13.056108
63.405447, 13.052873
63.405598, 13.049961
63.405680, 13.047413
63.405647, 13.040525
63.405363, 13.036160
63.404538, 13.027160
63.404191, 13.023167
63.404143, 13.022672
63.404042, 13.021581
63.403717, 13.018103
63.403604, 13.016882
63.403011, 13.010071
63.403007, 13.009995
63.401962, 12.988361
63.401932, 12.988101
63.398783, 12.972289
63.397595, 12.967220
63.396226, 12.959332
63.395084, 12.937110
63.395306, 12.930039
63.395317, 12.929676
63.395387, 12.927633
63.395566, 12.921727
63.395677, 12.918166
63.395687, 12.917780
63.395744, 12.915929
63.395811, 12.909531
63.395795, 12.908589
63.395780, 12.908014
63.395457, 12.901670
63.395033, 12.894763
63.394483, 12.885791
63.394234, 12.881505
63.394002, 12.873370
63.394255, 12.869257
63.394409, 12.867756
63.394420, 12.867645
63.394748, 12.864984
63.394757, 12.864928
63.396061, 12.858439
63.398532, 12.846719
63.398907, 12.844976
63.400280, 12.835909
63.400333, 12.833650
63.400307, 12.831216
63.400153, 12.829397
63.400106, 12.828885
63.399914, 12.827435
63.398559, 12.817337
63.396333, 12.792710
63.396296, 12.792293
63.390248, 12.774565
63.389343, 12.773591
63.374945, 12.712474
63.372752, 12.707002
63.370612, 12.705034
63.370557, 12.704986
63.369581, 12.704146
63.364195, 12.699535
63.362789, 12.697419
63.362057, 12.696148
63.361073, 12.694180
63.359988, 12.689377
63.359950, 12.688926
63.359892, 12.688095
63.359867, 12.685535
63.360101, 12.683315
63.360809, 12.680311
63.361934, 12.663229
63.362038, 12.642110
63.362506, 12.636945
63.363064, 12.634636
63.363393, 12.633069
63.363579, 12.632090
63.363669, 12.627360
63.362892, 12.623693
63.362409, 12.621648
63.360983, 12.615458
63.360009, 12.611323
63.359439, 12.608907
63.358797, 12.606304
63.347892, 12.587898
63.344391, 12.579112
63.332809, 12.558405
63.327065, 12.556615
63.325114, 12.551700
63.324966, 12.550869
63.323942, 12.546340
63.323905, 12.546229
63.323818, 12.545964
63.323502, 12.545030
63.322933, 12.543392
63.322354, 12.541419
63.321749, 12.539362
63.320742, 12.535844
63.320530, 12.534947
63.320252, 12.533179
63.320185, 12.532581
63.319887, 12.529894
63.319723, 12.528709
63.319279, 12.526359
63.319096, 12.525441
63.319082, 12.525374
63.318782, 12.523927
63.317968, 12.517039
63.317894, 12.515928
63.317857, 12.515239
63.317819, 12.514558
63.317788, 12.514057
63.317754, 12.513691
63.317641, 12.511547
63.317639, 12.511506
63.317539, 12.509392
63.317526, 12.509137
63.317292, 12.505781
63.316031, 12.498614
63.311503, 12.481331
63.310774, 12.478427
63.310206, 12.474737
63.307822, 12.448746
63.307560, 12.445844
63.307371, 12.443811
63.307328, 12.443344
63.307065, 12.440388
63.306808, 12.437594
63.300945, 12.420562
63.297934, 12.412206
63.291549, 12.403303
63.290841, 12.401786
63.290670, 12.401350
63.290444, 12.400727
63.290004, 12.399474
63.288083, 12.393530
63.287051, 12.382725
63.288466, 12.362281
63.288603, 12.361522
63.288947, 12.359607
63.289399, 12.357066
63.289732, 12.351591
63.289690, 12.350364
63.289098, 12.347382
63.288604, 12.346367
63.288287, 12.345801
63.287633, 12.344363
63.288891, 12.340244
63.288906, 12.339697
63.288994, 12.336973
63.288948, 12.336219
63.288877, 12.335962
63.288404, 12.334927
63.288972, 12.332175
63.288712, 12.328357
63.288199, 12.326800
63.287669, 12.325501
63.287566, 12.325255
63.285667, 12.320665
63.282644, 12.313313
63.276978, 12.294648
63.276556, 12.290984
63.273323, 12.273370
63.270630, 12.267340
63.265627, 12.244748
63.264899, 12.225063
63.264854, 12.223632
63.264813, 12.222462
63.264768, 12.221075
63.263655, 12.215560
63.256907, 12.183242
63.268900, 12.155168
63.271611, 12.150785
63.277956, 12.139032
63.280572, 12.133335
63.281935, 12.130371
63.283056, 12.128249
63.284915, 12.125999
63.285452, 12.125575
63.288159, 12.123373
63.288725, 12.122928
63.289466, 12.122338
63.291290, 12.120870
63.294967, 12.117137
63.299211, 12.111640
63.299890, 12.111515
63.309088, 12.107832
63.312926, 12.102599
63.313952, 12.100148
63.316990, 12.092088
63.317207, 12.090862
63.317499, 12.088894
63.317542, 12.088636
63.317799, 12.086954
63.317879, 12.086415
63.318570, 12.081970
63.318711, 12.081171
63.318844, 12.080452
63.318978, 12.079733
63.319118, 12.079001
63.319294, 12.078084
63.319423, 12.077413
63.319700, 12.075984
63.319963, 12.074618
63.320135, 12.073747
63.320258, 12.073097
63.320366, 12.072542
63.320502, 12.071882
63.320599, 12.071469
63.320717, 12.071072
63.320849, 12.070689
63.320989, 12.070332
63.321138, 12.070021
63.321278, 12.069774
63.321442, 12.069530
63.321658, 12.069249
63.322334, 12.068556
63.323059, 12.067862
63.323797, 12.067119
63.323997, 12.066915
63.324193, 12.066692
63.324373, 12.066454
63.324553, 12.066202
63.324751, 12.065877
63.324922, 12.065577
63.325147, 12.065126
63.325364, 12.064638
63.325536, 12.064184
63.325684, 12.063750
63.325822, 12.063302
63.325972, 12.062760
63.326121, 12.062151
63.326298, 12.061427
63.326532, 12.060462
63.326651, 12.059995
63.326766, 12.059633
63.326913, 12.059260
63.327099, 12.058847
63.327283, 12.058504
63.327497, 12.058184
63.327755, 12.057863
63.327980, 12.057661
63.328211, 12.057492
63.328506, 12.057353
63.328775, 12.057278
63.329030, 12.057267
63.329268, 12.057302
63.329473, 12.057388
63.329702, 12.057522
63.329944, 12.057726
63.330134, 12.057919
63.333236, 12.061406
63.333472, 12.061636
63.333669, 12.061765
63.333915, 12.061867
63.334117, 12.061921
63.334353, 12.061932
63.334640, 12.061840
63.334926, 12.061685
63.335179, 12.061481
63.335379, 12.061256
63.335540, 12.061009
63.335694, 12.060724
63.335858, 12.060392
63.336031, 12.059979
63.336170, 12.059609
63.336258, 12.059370
63.336332, 12.059172
63.336435, 12.058879
63.336621, 12.058403
63.336964, 12.057476
63.337079, 12.057138
63.337144, 12.056916
63.337226, 12.056598
63.337310, 12.056209
63.337425, 12.055609
63.337682, 12.054220
63.337773, 12.053768
63.337843, 12.053477
63.337897, 12.053273
63.337973, 12.053016
63.338308, 12.051952
63.338379, 12.051699
63.338417, 12.051547
63.338495, 12.051209
63.338536, 12.051001
63.338571, 12.050802
63.338616, 12.050512
63.338657, 12.050179
63.338679, 12.049968
63.338698, 12.049758
63.338715, 12.049512
63.338870, 12.046939
63.338900, 12.046509
63.338929, 12.046182
63.338987, 12.045663
63.339041, 12.045293
63.339079, 12.045069
63.339169, 12.044602
63.339213, 12.044400
63.339374, 12.043725
63.339556, 12.042997
63.339721, 12.042323
63.340695, 12.038488
63.341094, 12.036930
63.341153, 12.036686
63.341240, 12.036281
63.341314, 12.035903
63.341334, 12.035796
63.341365, 12.035586
63.341402, 12.035251
63.341426, 12.034930
63.341441, 12.034570
63.341469, 12.033584
63.341487, 12.033104
63.341518, 12.032521
63.341557, 12.032044
63.341600, 12.031639
63.341707, 12.030835
63.341792, 12.030283
63.341959, 12.029263
63.342005, 12.028953
63.342047, 12.028694
63.347548, 12.011807
63.347843, 12.009751
63.347854, 12.009598
63.355731, 11.990587
63.357827, 11.983802
63.361712, 11.971307
63.364523, 11.962307
63.365160, 11.960270
63.370344, 11.936672
63.376276, 11.909376
63.379126, 11.891334
63.381151, 11.865648
63.395212, 11.808716
63.395382, 11.807734
63.396120, 11.805184
63.396513, 11.804189
63.397196, 11.801114
63.397243, 11.800259
63.397364, 11.797727
63.397378, 11.797561
63.397564, 11.795745
63.397870, 11.792797
63.397982, 11.787931
63.398060, 11.787249
63.399272, 11.783193
63.400666, 11.779851
63.401499, 11.776769
63.401927, 11.775509
63.403190, 11.772522
63.403620, 11.770579
63.405304, 11.763297
63.405443, 11.758129
63.409121, 11.748490
63.410420, 11.747984
63.410495, 11.747956
63.412637, 11.746529
63.413524, 11.744835
63.414000, 11.743081
63.414054, 11.742861
63.414302, 11.741808
63.414550, 11.741201
63.417318, 11.740290
63.417472, 11.740187
63.417851, 11.739842
63.418519, 11.738727
63.418684, 11.738447
63.419141, 11.737795
63.419229, 11.737674
63.419933, 11.736722
63.421857, 11.734723
63.423685, 11.734318
63.424434, 11.734362
63.425741, 11.733695
63.426117, 11.733071
63.426319, 11.732740
63.428130, 11.729761
63.428705, 11.728810
63.428840, 11.728558
63.429204, 11.727749
63.429620, 11.726392
63.430328, 11.723528
63.430348, 11.723448
63.431186, 11.719981
63.431720, 11.717725
63.432701, 11.712925
63.432841, 11.712230
63.433209, 11.710442
63.433261, 11.710215
63.433469, 11.709549
63.435455, 11.706451
63.436082, 11.705587
63.436923, 11.704430
63.437463, 11.703697
63.438028, 11.702903
63.438162, 11.702696
63.439008, 11.699819
63.439084, 11.699113
63.439234, 11.697484
63.439563, 11.693949
63.440284, 11.688667
63.440362, 11.688356
63.440590, 11.687591
63.440701, 11.687282
63.440745, 11.687151
63.440804, 11.686979
63.441527, 11.684909
63.442302, 11.683213
63.442821, 11.682343
63.443241, 11.681658
63.443940, 11.675105
63.443916, 11.674705
63.443862, 11.673116
63.443821, 11.671579
63.443735, 11.668147
63.443507, 11.663667
63.443405, 11.662679
63.443347, 11.662129
63.443135, 11.660125
63.443105, 11.659838
63.442966, 11.657034
63.443283, 11.647913
63.443250, 11.644810
63.443249, 11.644730
63.443237, 11.640884
63.443255, 11.639552
63.443257, 11.639402
63.442984, 11.632454
63.442913, 11.630820
63.443477, 11.627326
63.443974, 11.626146
63.444803, 11.624142
63.445602, 11.620207
63.445582, 11.616946
63.445532, 11.616688
63.444779, 11.614328
63.444586, 11.613544
63.444690, 11.608136
63.444942, 11.607346
63.445894, 11.604144
63.446617, 11.601469
63.454626, 11.578387
63.454686, 11.577908
63.456603, 11.570789
63.457110, 11.569451
63.459580, 11.545345
63.460236, 11.543371
63.462040, 11.527524
63.465009, 11.496341
63.465056, 11.496199
63.465182, 11.495788
63.465356, 11.495144
63.467536, 11.489754
63.467593, 11.489301
63.467621, 11.488778
63.467622, 11.488706
63.467301, 11.485844
63.465645, 11.464084
63.465653, 11.463944
63.459724, 11.452598
63.457998, 11.447675
63.457972, 11.446918
63.457969, 11.444643
63.458016, 11.442461
63.458069, 11.440184
63.457622, 11.435268
63.458447, 11.426088
63.457715, 11.416723
63.456932, 11.413893
63.459738, 11.401608
63.460456, 11.399153
63.461202, 11.388399
63.461230, 11.387561
63.460575, 11.380889
63.460848, 11.377812
63.460921, 11.376839
63.461255, 11.369588
63.461291, 11.368822
63.461295, 11.365371
63.461410, 11.360026
63.462128, 11.356178
63.462174, 11.355285
63.461565, 11.351116
63.460123, 11.343729
63.460099, 11.341754
63.460096, 11.341360
63.460094, 11.341240
63.459948, 11.324683
63.458552, 11.296981
63.458685, 11.296391
63.458875, 11.295563
63.459265, 11.293841
63.459506, 11.292769
63.459963, 11.289825
63.459875, 11.286161
63.459225, 11.282247
63.458839, 11.281463
63.452332, 11.270876
63.451842, 11.270254
63.445280, 11.259642
63.445120, 11.258843
63.444422, 11.253852
63.443925, 11.249942
63.443594, 11.247257
63.443554, 11.246833
63.443453, 11.245664
63.443398, 11.240797
63.443426, 11.238876
63.443535, 11.230803
63.443590, 11.227043
63.443593, 11.226769
63.443644, 11.222879
63.444349, 11.216689
63.447655, 11.209416
63.449574, 11.202434
63.450727, 11.201811
63.457964, 11.198984
63.458293, 11.198704
63.459292, 11.196605
63.460103, 11.192302
63.460910, 11.187663
63.461388, 11.184913
63.461624, 11.183554
63.462561, 11.178173
63.463988, 11.169941
63.464347, 11.167575
63.464554, 11.166149
63.464615, 11.165727
63.465499, 11.159642
63.465524, 11.159471
63.465652, 11.158531
63.466024, 11.154133
63.466353, 11.144822
63.466238, 11.142423
63.466112, 11.140196
63.466057, 11.139175
63.466037, 11.138710
63.466001, 11.137090
63.465851, 11.132600
63.465449, 11.127282
63.465322, 11.125839
63.465042, 11.123249
63.464761, 11.121212
63.464588, 11.120072
63.464164, 11.117361
63.464064, 11.116698
63.464002, 11.116200
63.463944, 11.114295
63.463949, 11.114170
63.463965, 11.113903
63.464038, 11.113123
63.464063, 11.112893
63.464219, 11.111494
63.464850, 11.106193
63.465755, 11.098521
63.466036, 11.096143
63.466108, 11.095563
63.466203, 11.094736
63.466222, 11.094576
63.466462, 11.090397
63.465113, 11.082628
63.464824, 11.079313
63.464818, 11.079072
63.464962, 11.076190
63.465117, 11.074672
63.465455, 11.071067
63.465594, 11.067962
63.465573, 11.063791
63.465614, 11.062865
63.466606, 11.057436
63.466721, 11.055636
63.466710, 11.054912
63.466263, 11.050339
63.465826, 11.047804
63.464825, 11.043821
63.464441, 11.042728
63.463480, 11.039888
63.463387, 11.038155
63.463241, 11.033834
63.463214, 11.033139
63.463163, 11.031600
63.463011, 11.027242
63.462836, 11.022128
63.462349, 11.016865
63.460116, 11.010582
63.460050, 11.009954
63.460394, 10.996242
63.460563, 10.993016
63.460826, 10.990377
63.460750, 10.990363
63.458740, 10.990115
63.454744, 10.989076
63.453786, 10.989113
63.452032, 10.987932
63.449725, 10.986872
63.449410, 10.988917
63.448932, 10.991570
63.448813, 10.991816
63.448637, 10.992157
63.448130, 10.993133
63.447940, 10.993485
63.446571, 10.986187
63.445673, 10.982860
63.445112, 10.969283
63.444769, 10.970588
63.443684, 10.973173
63.442342, 10.977551
63.442120, 10.978204
63.442097, 10.978272
63.440758, 10.982064
63.439002, 10.987407
63.438900, 10.987680
63.438441, 10.989631
63.438269, 10.989583
63.438151, 10.989464
63.437736, 10.989058
63.436186, 10.985546
63.434626, 10.983655
63.434562, 10.983631
63.434518, 10.983614
63.434475, 10.983567
63.433095, 10.981238
63.432551, 10.979911
63.431737, 10.977720
63.428785, 10.955469
63.427018, 10.957992
63.426604, 10.958355
63.425827, 10.958316
63.423498, 10.956758
63.422862, 10.957086
63.422583, 10.957462
63.422503, 10.957616
63.420879, 10.959999
63.419697, 10.960343
63.419601, 10.960510
63.419275, 10.961094
63.416697, 10.959703
63.414642, 10.960981
63.414172, 10.964386
63.412712, 10.968220
63.412502, 10.968794
63.411973, 10.972692
63.411204, 10.971083
63.410334, 10.970050
63.410253, 10.970107
63.408478, 10.970972
63.407588, 10.971096
63.401137, 10.970503
63.397799, 10.967377
63.397263, 10.966695
63.393600, 10.967041
63.392941, 10.970610
63.392863, 10.973361
63.392112, 10.979836
63.392204, 10.983195
63.392349, 10.984831
63.392548, 10.991934
63.392217, 10.993648
63.391994, 10.996671
63.392121, 10.998645
63.393634, 11.005822
63.394264, 11.010859
63.394322, 11.011653
63.394507, 11.014685
63.395001, 11.023598
63.395114, 11.026655
63.394346, 11.043765
63.394148, 11.052732
63.394089, 11.055648
63.394048, 11.057730
63.394012, 11.059675
63.393668, 11.063963
63.392445, 11.064432
63.392214, 11.064485
63.389007, 11.064493
63.388631, 11.064476
63.388079, 11.064332
63.387354, 11.064149
63.384094, 11.068662
63.383491, 11.067838
63.380197, 11.066054
63.379138, 11.066622
63.379040, 11.066687
63.378982, 11.066722
63.378202, 11.067253
63.375212, 11.067296
63.374836, 11.067298
63.371943, 11.069905
63.370872, 11.071420
63.368999, 11.072268
63.365332, 11.073843
63.364778, 11.074018
63.352870, 11.075730
63.351584, 11.076955
63.350630, 11.077533
63.350512, 11.077605
63.349169, 11.078414
63.347262, 11.078068
63.344207, 11.076744
63.341771, 11.077849
63.341467, 11.078116
63.339625, 11.080086
63.337960, 11.088867
63.334210, 11.092713
63.325165, 11.086580
63.324291, 11.086215
63.314903, 11.082944
63.307157, 11.079189
63.299044, 11.076541
63.295993, 11.076617
63.293572, 11.076103
63.291868, 11.074392
63.289821, 11.072353
63.288038, 11.070965
63.287338, 11.071297
63.286770, 11.071662
63.286431, 11.071873
63.285452, 11.072883
63.284520, 11.070042
63.284434, 11.069672
63.283700, 11.064912
63.283268, 11.062615
63.279643, 11.058428
63.279447, 11.058113
63.279185, 11.057591
63.279041, 11.057275
63.278243, 11.054430
63.277676, 11.052069
63.277242, 11.048825
63.277147, 11.047776
63.276275, 11.043106
63.275946, 11.041195
63.275451, 11.038012
63.275078, 11.035504
63.274936, 11.034397
63.274916, 11.034248
63.274760, 11.033063
63.273268, 11.027345
63.273518, 11.025829
63.273639, 11.023234
63.272108, 11.018770
63.271676, 11.017577
63.270641, 11.014602
63.269835, 11.012187
63.269434, 11.010781
63.269397, 11.010649
63.269146, 11.009853
63.269102, 11.009730
63.269039, 11.009572
63.268622, 11.008591
63.266309, 11.000278
63.266229, 10.998754
63.266209, 10.998350
63.266077, 10.995941
63.265967, 10.993948
63.265826, 10.991326
63.265570, 10.986818
63.265274, 10.984325
63.265042, 10.982740
63.265003, 10.982459
63.264345, 10.978047
63.264164, 10.976844
63.263965, 10.975461
63.263644, 10.973320
63.263424, 10.972108
63.262712, 10.969886
63.261292, 10.967942
63.260732, 10.967459
63.255170, 10.959363
63.255025, 10.958831
63.254825, 10.958208
63.254254, 10.957092
63.253852, 10.956609
63.251746, 10.954807
63.250144, 10.953443
63.249658, 10.953021
63.249221, 10.952546
63.249201, 10.952518
63.248859, 10.951739
